5,2.0,0.2
5,2.0,0.3
5,2.0,0.6
5,2.0,0.8
6,2.0,0.2
6,1.0,0.3
6,2.0,0.6
6,2.0,0.8
7,2.0,0.2
7,2.0,0.3
7,2.0,0.6
7,2.0,0.8
8,1.5,0.2
8,1.0,0.3
8,1.0,0.6
8,1.0,0.8
9,1.0,0.2
9,1.0,0.3
9,1.0,0.6
9,1.0,0.8
10,1.5,0.2
10,1.0,0.3
10,1.0,0.6
10,1.0,0.8
11,1.5,0.2
11,1.0,0.3
11,1.0,0.6
11,1.5,0.8
12,1.5,0.2
12,1.5,0.3
12,1.5,0.6
12,1.5,0.8
13,1.5,0.2
13,1.5,0.3
13,1.5,0.6
13,1.5,0.8
14,1.5,0.2
14,1.5,0.3
14,1.5,0.6
14,1.5,0.8
15,1.5,0.2
15,1.5,0.3
15,1.5,0.6
15,1.5,0.8
16,1.3333333333333333,0.2
16,1.3333333333333333,0.3
16,1.3333333333333333,0.6
16,1.0,0.8
17,1.3333333333333333,0.2
17,1.6666666666666667,0.3
17,1.3333333333333333,0.6
17,1.3333333333333333,0.8
18,1.3333333333333333,0.2
18,1.6666666666666667,0.3
18,1.3333333333333333,0.6
18,1.3333333333333333,0.8
19,2.0,0.2
19,2.0,0.3
19,2.0,0.6
19,2.0,0.8
20,1.3333333333333333,0.2
20,1.6666666666666667,0.3
20,1.3333333333333333,0.6
20,1.6666666666666667,0.8
21,1.3333333333333333,0.2
21,1.6666666666666667,0.3
21,1.6666666666666667,0.6
21,1.3333333333333333,0.8
22,1.3333333333333333,0.2
22,1.6666666666666667,0.3
22,1.6666666666666667,0.6
22,1.3333333333333333,0.8
23,1.6666666666666667,0.2
23,1.6666666666666667,0.3
23,1.6666666666666667,0.6
23,1.6666666666666667,0.8
24,1.6666666666666667,0.2
24,2.0,0.3
24,1.6666666666666667,0.6
24,2.0,0.8
25,1.5,0.2
25,1.25,0.3
25,1.25,0.6
25,1.25,0.8
26,1.6666666666666667,0.2
26,2.0,0.3
26,2.0,0.6
26,2.0,0.8
27,1.25,0.2
27,1.25,0.3
27,1.25,0.6
27,1.25,0.8
28,1.5,0.2
28,1.5,0.3
28,1.5,0.6
28,1.5,0.8
29,1.5,0.2
29,1.5,0.3
29,1.5,0.6
29,1.5,0.8
30,1.25,0.2
30,1.5,0.3
30,1.25,0.6
30,1.5,0.8
