5,1.0,0.2
5,1.0,0.3
5,1.0,0.6
5,1.0,0.8
6,1.0,0.2
6,2.0,0.3
6,1.0,0.6
6,1.0,0.8
7,2.0,0.2
7,1.0,0.3
7,2.0,0.6
7,2.0,0.8
8,1.0,0.2
8,1.0,0.3
8,1.0,0.6
8,1.0,0.8
9,2.0,0.2
9,2.0,0.3
9,2.0,0.6
9,1.0,0.8
10,2.0,0.2
10,2.0,0.3
10,2.0,0.6
10,3.0,0.8
11,2.0,0.2
11,2.0,0.3
11,2.0,0.6
11,2.0,0.8
12,2.0,0.2
12,2.0,0.3
12,2.0,0.6
12,2.0,0.8
13,3.0,0.2
13,2.0,0.3
13,3.0,0.6
13,2.0,0.8
14,3.0,0.2
14,2.0,0.3
14,2.0,0.6
14,2.0,0.8
15,2.0,0.2
15,2.0,0.3
15,2.0,0.6
15,2.0,0.8
16,2.0,0.2
16,2.0,0.3
16,2.0,0.6
16,2.0,0.8
17,2.0,0.2
17,3.0,0.3
17,2.0,0.6
17,2.0,0.8
18,2.0,0.2
18,2.0,0.3
18,2.0,0.6
18,2.0,0.8
19,2.0,0.2
19,2.0,0.3
19,2.0,0.6
19,2.0,0.8
20,2.0,0.2
20,2.0,0.3
20,2.0,0.6
20,2.0,0.8
21,2.0,0.2
21,2.0,0.3
21,2.0,0.6
21,2.0,0.8
22,2.0,0.2
22,3.0,0.3
22,2.0,0.6
22,2.0,0.8
23,3.0,0.2
23,2.0,0.3
23,2.0,0.6
23,3.0,0.8
24,2.0,0.2
24,2.0,0.3
24,2.0,0.6
24,2.0,0.8
25,2.0,0.2
25,2.0,0.3
25,2.0,0.6
25,3.0,0.8
26,4.0,0.2
26,3.0,0.3
26,2.0,0.6
26,2.0,0.8
27,3.0,0.2
27,2.0,0.3
27,3.0,0.6
27,3.0,0.8
28,2.0,0.2
28,2.0,0.3
28,2.0,0.6
28,2.0,0.8
29,2.0,0.2
29,3.0,0.3
29,2.0,0.6
29,2.0,0.8
30,3.0,0.2
30,3.0,0.3
30,3.0,0.6
30,3.0,0.8
